total size :	1055
node data :	[4810, 4818, 4840, 4842]

node next :
	

parent data :	[4570, 4646, 4701, 4756, 4797]

parent next :	[4531, 4543, 4551, 4563, 4569]  ,[4595, 4614, 4620, 4637, 4643]  ,[4650, 4652, 4670, 4677, 4700]  ,[4708, 4716, 4735, 4738, 4743]  ,[4757, 4770, 4777, 4792, 4794]  ,[4810, 4818, 4840, 4842]  ,

grandparent data :	[4856, 5192, 5451, 5770, 6172, 6447, 6758]

grandparent next :	[4570, 4646, 4701, 4756, 4797]  ,[4895, 4964, 4990, 5074, 5131]  ,[5228, 5255, 5275, 5337, 5412]  ,[5487, 5585, 5622, 5656, 5712]  ,[5814, 5867, 5925, 5969, 6036, 6091]  ,[6212, 6266, 6286, 6314, 6385]  ,[6489, 6531, 6631, 6686, 6714]  ,[6828, 6912, 6976, 7054, 7155]  ,

possible duplicates :

---------------------------------------------

total size :	1055
node data :	[4570, 4646, 4701, 4756]

node next :
	[4531, 4543, 4551, 4563, 4569]  ,[4595, 4614, 4620, 4637, 4643]  ,[4650, 4652, 4670, 4677, 4700]  ,[4708, 4716, 4735, 4738, 4743]  ,[4757, 4770, 4777, 4792, 4794, 4797, 4810, 4818, 4840, 4842]  ,

parent data :	[4856, 5192, 5451, 5770, 6172, 6447, 6758]

parent next :	[4570, 4646, 4701, 4756]  ,[4895, 4964, 4990, 5074, 5131]  ,[5228, 5255, 5275, 5337, 5412]  ,[5487, 5585, 5622, 5656, 5712]  ,[5814, 5867, 5925, 5969, 6036, 6091]  ,[6212, 6266, 6286, 6314, 6385]  ,[6489, 6531, 6631, 6686, 6714]  ,[6828, 6912, 6976, 7054, 7155]  ,

grandparent data :	[4517, 7238]

grandparent next :	[362, 695, 1155, 1503, 2227, 2502, 2815, 3122, 3535, 4110]  ,[4856, 5192, 5451, 5770, 6172, 6447, 6758]  ,[7569, 7863, 8318, 8649, 9063, 9410]  ,

possible duplicates :

---------------------------------------------

total size :	1055
node data :	[5192, 5451, 5770, 6172, 6447, 6758]

node next :
	[4570, 4646, 4701, 4756, 4856, 4895, 4964, 4990, 5074, 5131]  ,[5228, 5255, 5275, 5337, 5412]  ,[5487, 5585, 5622, 5656, 5712]  ,[5814, 5867, 5925, 5969, 6036, 6091]  ,[6212, 6266, 6286, 6314, 6385]  ,[6489, 6531, 6631, 6686, 6714]  ,[6828, 6912, 6976, 7054, 7155]  ,

parent data :	[4517, 7238]

parent next :	[362, 695, 1155, 1503, 2227, 2502, 2815, 3122, 3535, 4110]  ,[5192, 5451, 5770, 6172, 6447, 6758]  ,[7569, 7863, 8318, 8649, 9063, 9410]  ,

possible duplicates :

---------------------------------------------

